5912
5913
1687
1692
5909
5910
1689
1700
5906
5907
1678
1663
5956
6409
6410
5957
5958
9134
8970
9135
8971
8964
6032
2004
4049
4051
1877
4050
8500
8361
8360
8363
8362
8538
8537
8536
8534
8535
8540
8539
8153
7833
9106
2109
9205
3450
4427
4430
5950
5951
5952
5953
5954
6548
5827
5657
5669
5681
5697
5821
5653
5658
5678
8258
5834
5685
5692
5826
5663
5668
5680
5696
5820
5652
5833
5684
5691
5818
5650
5676
8255
6551
5824
5656
5661
8261
5837
5675
5695
6550
5829
5665
5671
5688
5699
5822
5654
5659
5830
5666
5672
5689
5700
5836
5694
6554
5823
5655
5660
8260
6549
5825
5662
5667
5679
5819
5651
5677
8256
5831
5673
5690
5701
6552
5832
5683
5702
5828
5664
5670
5682
5687
5698
8265
6553
5835
5674
5686
5693
7672
7673
7674
7675
7676
1533
1532
1522
6396
3117
1521
3116
1856
6395
3118
4927
1523
6397
1531
1529
8391
1526
1518
3115
1535
8889
1525
1534
8885
1520
8887
8888
1519
3104
4925
3943
6350
3113
4205
4204
3112
3103
6351
1536
1528
7835
3106
3107
3108
1537
3110
3109
1530
3111
3105
4926
1524
3114
1527
8886
8390
5575
5968
5967
8620
8618
8619
8621
1853
1854
5970
1852
8777
3468
5979
5980
5981
5982
5983
1855
5971
5944
6002
6003
6004
6005
6006
2057
5966
8904
8900
8902
8907
8903
8908
8906
8905
8901
8899
4354
4352
4351
4353
8892
8896
8895
8893
8894
8898
8897
5955
5969
6691
8172
8171
8170
1872
1867
8273
1831
9142
7832
1910
1909
6697
5553
4117
1470
4111
1891
8375
4043
1760
2018
1761
1957
8957
2049
2058
4098
4064
4072
4065
4073
4068
4071
4439
3454
4386
8338
9133
8969
8963
9113
9119
9125
6648
6649
6650
7582
1833
8714
1686
4359
6689
2063
8875
5557
8543
4383
1675
1676
6645
6646
4379
4380
2079
1073
8715
4429
4432
3478
3487
3496
4120
5530
2039
6491
6489
6518
6490
6437
6435
6500
6436
6494
2061
6428
6426
6497
6427
6455
6453
6506
6454
6464
6462
6509
6463
6473
6471
6512
6472
6482
6480
6515
6481
6446
6444
6503
6445
4407
1718
8351
6488
7803
8480
8078
6486
7801
8478
4036
9174
9165
6517
6487
7802
8479
1892
8336
5965
4679
6647
2124
2965
1538
9156
5859
5858
3936
9157
6570
6572
6574
6576
6578
6569
6571
6573
6575
6577
7910
7909
7906
7911
7907
7908
3474
3477
3475
6318
1419
3472
6017
3476
5539
3473
1759
1783
8062
1709
5536
4358
4428
4431
6541
5077
5067
5087
8355
2045
1706
1898
4402
4405
4355
6434
7749
8426
6353
6432
7747
8424
1338
4033
9172
9163
8954
6360
4651
4652
4661
5579
5582
4653
4654
4655
4656
4657
4658
4659
4660
5914
6499
6433
7748
8425
4090
4078
4080
4096
4088
4082
4086
4084
1720
5922
5923
5924
5925
5926
4921
3038
3940
8909
4915
5998
5999
6000
6001
5989
5990
5991
5992
5993
5994
5995
5996
5997
4377
3946
7905
1075
8924
7904
8925
3945
1074
2076
1341
1932
8783
2048
8340
8776
8495
5927
5928
5929
5930
5931
5937
5938
5939
5940
5941
5945
5946
5947
5948
5949
1930
1722
4079
4063
1948
2941
4059
7637
7636
8071
2007
4121
1690
8086
8551
1878
1749
5544
1745
2010
1849
8192
2924
2919
2927
2922
2929
1941
2005
1739
4664
4663
4662
1679
1850
8549
5076
5066
5086
4349
9132
8968
8962
9112
9118
9124
5591
8721
4393
2089
2123
1991
3440
3441
3442
3443
5535
9108
7688
2008
2126
3469
2937
1960
2943
4074
1955
2936
1959
2945
686
2073
8667
8668
8669
8670
4209
4210
4211
4212
4213
4214
4215
4216
4217
8274
1871
8519
8518
8517
8516
8515
8520
7616
7615
7614
7617
5204
5203
5202
5201
5200
5199
5198
5197
5075
5065
5085
5560
1711
2128
1848
2047
8284
2104
1870
1881
8659
1879
3466
3461
1977
2956
2957
4055
2016
9104
1889
2023
1884
8175
8174
8173
1894
1726
1934
1727
1740
4047
1974
2085
2042
2119
732
950
954
958
962
731
949
953
957
961
6644
2067
8084
1461
1460
1459
1458
1462
2074
2508
2070
8087
8089
1784
2044
2082
9131
8967
8961
9111
9117
9123
8722
8489
5083
5089
5073
7916
2072
9107
4112
1750
5545
2107
1933
1725
5543
6122
6132
6142
6152
6162
6172
6809
7948
8005
6117
6127
6137
6147
6157
6167
6804
7943
8000
6123
6133
6143
6153
6163
6173
6810
7949
8006
6118
6128
6138
6148
6158
6168
6805
7944
8001
6121
6131
6141
6151
6161
6171
6808
7947
8004
6116
6126
6136
6146
6156
6166
6803
7942
7999
6120
6130
6140
6150
6160
6170
6807
7946
8003
6115
6125
6135
6145
6155
6165
6802
7941
7998
6124
6134
6144
6154
6164
6174
6811
7950
8007
6119
6129
6139
6149
6159
6169
6806
7945
8002
4116
2116
938
4678
1764
8958
8771
8780
8076
2090
6665
6666
6667
6668
6669
6670
6671
6672
5169
4119
2046
6695
6015
2952
2953
2118
1980
1979
6031
6025
4389
6544
5080
5070
5090
8176
8556
8768
4232
4627
4628
4625
4626
7562
7079
8775
8785
8774
3445
8497
3446
1743
2009
1744
2958
2964
1989
1988
8939
4099
8349
4091
4089
4081
4077
7579
6027
6021
4424
4423
4422
5538
6693
5529
8163
8162
8161
3501
3502
3500
1987
2960
2962
5126
6633
6642
6634
6635
6636
6637
6638
6639
6640
6641
5550
1684
8101
2940
1969
2949
1968
2947
4392
8344
4391
4390
2025
2968
5238
5239
5240
5241
4472
4460
4448
4471
4459
4447
4474
4462
4450
4473
4461
4449
4475
4463
4451
4476
4464
4452
4477
4465
4453
4478
4466
4454
4469
4457
4445
4470
4458
4446
4479
4467
4455
4480
4468
4456
1914
4052
1911
7915
7612
5587
5562
5563
5564
5565
5566
5583
5584
5585
5586
4412
7061
4416
4417
4411
4413
4414
5010
7062
4415
8555
8335
4365
8166
8165
8164
8874
1964
8090
8091
4062
4092
1995
4435
4433
4434
5547
1681
8638
8637
8636
8635
8634
8639
8626
8625
8624
8623
8622
8627
8632
8631
8630
8629
8628
8633
2024
2086
1902
2967
2925
2928
2921
2920
1904
1903
1771
5533
1337
1834
2121
1900
733
5589
8488
8663
4042
7075
8781
6393
6392
8570
8571
8572
8573
8574
8575
6528
4118
8769
2043
5235
5236
5237
8378
8286
8492
8085
8374
3455
1342
5558
7912
3453
6028
5574
5573
6406
6913
6908
6911
8201
8195
8193
8194
8197
8198
8199
8200
8196
7561
8202
2108
2059
1999
8342
7613
1696
8872
5559
8290
4038
2515
5168
6316
2013
6688
1982
1699
3462
3463
3464
3465
4384
1986
2961
2963
2959
2966
1680
1782
2029
1781
9105
1658
1659
2003
8784
8782
2133
2132
2131
2130
2134
2050
2117
5942
5943
4381
8096
8498
2055
8281
1336
4076
4093
2950
1468
1469
3444
3448
8496
2032
8502
3470
6543
3481
3485
4356
3484
3483
3486
3482
9143
5079
5069
6643
8093
2106
1505
1503
1504
1502
4113
5084
5094
1971
2120
4104
1832
5592
4556
4496
4555
4495
4592
4520
4508
4591
4519
4507
4604
4544
4532
4603
4543
4531
4616
4580
4568
4615
4579
4567
4484
4483
4558
4498
4486
4557
4497
4485
4594
4522
4510
4593
4521
4509
4606
4546
4534
4605
4545
4533
4618
4582
4570
4617
4581
4569
4559
4499
4487
4560
4500
4488
4595
4523
4511
4596
4524
4512
4607
4547
4535
4608
4548
4536
4619
4583
4571
4620
4584
4572
4561
4501
4489
4562
4502
4490
4597
4525
4513
4598
4526
4514
4609
4549
4537
4610
4550
4538
4621
4585
4573
4622
4586
4574
4553
4493
4481
4554
4494
4482
4589
4517
4505
4590
4518
4506
4601
4541
4529
4602
4542
4530
4613
4577
4565
4614
4578
4566
4563
4503
4491
4564
4504
4492
4599
4527
4515
4600
4528
4516
4611
4551
4539
4612
4552
4540
4623
4587
4575
4624
4588
4576
6909
1374
9206
8952
8953
6045
6058
6071
6084
6097
6112
6799
7938
7995
6040
6053
6066
6079
6092
6107
6794
7933
7990
6046
6059
6072
6085
6098
6113
6800
7939
7996
6041
6054
6067
6080
6093
6108
6795
7934
7991
6044
6057
6070
6083
6096
6111
6798
7937
7994
6039
6052
6065
6078
6091
6106
6793
7932
7989
6043
6056
6069
6082
6095
6110
6797
7936
7993
6038
6051
6064
6077
6090
6105
6792
7931
7988
6047
6060
6073
6086
6099
6114
6801
7940
7997
6042
6055
6068
6081
6094
6109
6796
7935
7992
6182
6192
6202
6212
6222
6232
6819
7958
8015
6177
6187
6197
6207
6217
6227
6814
7953
8010
6183
6193
6203
6213
6223
6233
6820
7959
8016
6178
6188
6198
6208
6218
6228
6815
7954
8011
6181
6191
6201
6211
6221
6231
6818
7957
8014
6176
6186
6196
6206
6216
6226
6813
7952
8009
6180
6190
6200
6210
6220
6230
6817
7956
8013
6175
6185
6195
6205
6215
6225
6812
7951
8008
6184
6194
6204
6214
6224
6234
6821
7960
8017
6179
6189
6199
6209
6219
6229
6816
7955
8012
1375
8353
6520
7807
6521
8507
6519
4401
4404
8506
8505
4032
9176
9167
8955
6361
4640
4641
4650
5578
5581
4642
4643
4644
4645
4646
4647
4648
4649
5911
6493
8330
4060
4075
6404
6905
5242
5243
5244
5245
5246
5247
5248
5542
1950
8346
5932
5933
5934
5935
5936
1721
1929
1719
1927
5125
1062
8291
4374
2110
6696
2037
2069
2066
5531
4105
4110
6033
2001
2002
8154
8157
8155
8156
8490
2111
9115
9121
9127
8472
1885
8743
8744
8745
8746
8747
8748
8749
8750
8751
8752
2092
4382
1998
1996
1993
1994
8546
2088
1677
8548
8347
7611
3456
5984
5985
5986
5987
5988
6690
4058
4094
8331
6016
6026
5484
5491
5493
2101
8501
1736
1940
1737
2014
1869
8359
4348
6425
7740
8417
1851
6423
7738
8415
6496
6424
7739
8416
5963
5962
5961
8345
2938
2944
1954
1962
8545
2078
4107
8275
8060
8056
3030
6547
1947
1972
4438
5920
5917
5918
5919
4109
4218
3875
3958
3959
3876
3877
3878
3879
3880
3881
3888
3882
3883
3884
3885
3886
3931
3927
3928
3929
3926
3930
3933
3932
3935
3934
3887
4115
7806
8483
7804
8481
7805
8482
7752
8429
7750
8427
7751
8428
6407
7743
8420
7741
8418
7742
8419
6417
7732
8409
7770
8447
7768
8445
7769
8446
6419
7734
8411
7779
8456
7777
8454
7778
8455
7788
8465
7786
8463
7787
8464
1733
6390
6418
7733
8410
7797
8474
7795
7796
8473
7761
8438
7759
8436
7760
8437
6012
1772
1882
4083
1931
1723
1732
1717
1925
1716
1924
1715
1712
1921
1923
1714
1713
1922
8063
5012
5551
8723
8724
8725
8726
8727
8728
8729
8730
8731
8732
2054
8377
8058
7725
7630
7634
7635
7633
7632
7629
7631
5708
6388
9114
9120
9126
5703
5806
5805
5804
5803
5807
4387
1751
6029
5071
4370
8671
8672
8673
8674
8675
8676
8677
2022
2105
4046
4045
4048
5152
1770
1373
1697
9170
8876
6022
6405
7686
2038
4388
3479
3488
3497
8778
2923
1943
2926
1942
1863
1501
8943
8941
8942
8940
8944
8664
8665
8666
5847
5841
5854
5846
5840
5853
5838
5844
5857
5849
5842
5850
5856
5843
5845
5839
5851
5852
5848
5855
5107
5097
5117
5106
5096
5116
5105
5095
5115
5113
5119
5103
5110
5100
5120
5109
5099
5114
5124
5101
5108
5098
5118
5111
5121
5104
5112
5123
5102
5122
3452
3967
3980
3993
4006
4019
5212
6786
7925
7980
3962
3975
3988
4001
4014
5207
6781
7920
7975
3968
3981
3994
4007
4020
5213
6787
7926
7981
3963
3976
3989
4002
4015
5208
6782
7921
7976
3966
3979
3992
4005
4018
5211
6785
7924
7979
3961
3974
3987
4000
4013
5206
6780
7919
7974
3965
3978
3991
4004
4017
5210
6784
7923
7978
3960
3973
3986
3999
4012
5205
6779
7918
7973
3970
3983
3996
4009
4022
5215
6789
7928
7983
3971
3984
3997
4010
4023
5218
6790
7929
7984
3972
3985
3998
4011
4024
5219
6791
7930
7985
4025
7986
4026
7987
3969
3982
3995
4008
4021
5214
6788
7927
7982
3964
3977
3990
4003
4016
5209
6783
7922
7977
1702
5220
1965
1755
1895
5549
5532
8733
8734
8735
8736
8737
8738
8739
8740
8741
8742
6030
8079
1683
1890
1344
1939
1938
1958
2052
1981
1949
1990
1876
1906
2918
1961
1945
1944
6317
4039
4041
4040
8069
6907
6023
3447
1908
6013
2031
6903
4409
4418
4419
4410
4408
4420
4421
8658
8334
5234
8716
1918
4364
1896
1920
4054
1907
1899
1916
1913
1897
6024
6296
6298
6300
6302
6304
6306
7972
8029
6833
6295
6297
6299
6301
6303
6305
7971
8028
6832
8542
3480
3489
3498
6034
6414
7729
8406
2098
9130
8966
8960
9110
9116
9122
8494
8279
8491
4362
1963
8547
1905
1339
8357
6452
7767
8444
6450
7765
8442
4030
9173
9164
6505
6451
7766
8443
8088
2075
5540
2122
8499
1893
1874
8770
8779
7685
2112
2102
1973
8329
8772
4061
4095
1992
2100
8373
6904
4103
1768
4376
7583
7584
7585
8379
9169
9168
8873
5483
2125
1997
5490
5492
8550
1926
1928
1769
7698
1773
7697
1767
1776
1752
8081
1762
1774
9144
6906
5915
2932
1951
2930
2939
2946
2934
1966
1967
2093
6391
4677
3889
4680
8773
4360
6910
8337
8332
8786
4367
4368
4366
8486
7609
6416
7731
8408
6320
1729
1730
1780
8358
6523
7808
6524
6522
6461
7776
8453
8509
8510
8508
6459
7774
8451
4034
6508
6460
7775
8452
9207
6019
7687
7684
8080
8282
2081
8034
6010
6007
6008
6009
7693
7691
7690
7692
7689
2249
4126
4937
4128
4939
4127
4938
2347
2295
6888
6887
6929
2162
2161
6900
6899
5476
4195
5003
4189
4970
8368
8369
2146
2256
2202
2287
2296
4175
4959
4141
4944
4149
4952
4142
4945
4150
4953
4145
4948
4148
4951
4441
4936
6931
8695
8694
1811
6884
6883
2301
2317
8697
8696
4198
5006
5436
2277
2299
2147
2362
3018
5166
5165
5164
5163
5167
3956
3955
3954
3953
3957
5453
5452
5447
5446
2283
2150
4167
4992
4155
4981
4157
4982
4173
4998
4165
4990
4159
4984
4163
4988
4161
4986
2314
2250
2177
2286
2175
4156
4957
4140
4979
2193
2994
4136
4942
1788
4199
5007
1815
2135
5463
5462
1791
2977
2972
2980
2975
2982
2186
1786
8709
8708
2327
2361
2236
5445
5444
1789
2364
2990
2205
2996
4151
4954
2200
2989
2204
2998
2311
2366
2285
2342
1812
2138
2136
2222
3009
3010
4132
2254
2144
2261
1817
2148
2179
4124
2219
2280
2357
2305
2312
2308
2282
2320
8711
8710
7700
2310
4190
4971
5465
5464
2345
2178
5461
5460
4194
5002
2354
4197
5005
2284
6896
6895
3005
3006
2356
2225
2224
8320
8487
1790
3011
3017
2234
2233
4176
4999
8325
8326
4168
4993
4166
4991
4158
4983
4154
4980
7581
7580
5451
5450
6892
6891
5435
5434
2232
3013
3015
5473
1809
2993
2214
3002
2213
3000
8318
2263
3021
6943
6944
6945
6946
6957
6956
6959
6958
6960
6961
6962
6963
6954
6955
6964
6965
4973
2163
2166
4129
8308
8304
2209
4139
4978
2323
4169
4994
2240
5469
5468
8656
8655
8654
8653
8652
8657
8644
8643
8642
8641
8640
8645
8650
8649
8648
8647
8646
8651
2262
2324
2154
3020
2978
2981
2974
2973
2156
2155
5441
5440
6932
2359
2152
2281
6940
6941
6942
8372
8366
8367
2346
2297
2244
8315
8316
1821
1794
7699
6882
6881
2227
1824
2231
3014
3016
3012
3019
2267
2248
2288
2355
2293
4153
4956
4170
4995
3003
2270
2344
4191
4972
2216
2358
4182
4963
6930
5281
5280
5279
5278
5282
6969
6968
6981
6980
6993
6992
7005
7004
6971
6970
6983
6982
6995
6994
7007
7006
6972
6973
6984
6985
6996
6997
7008
7009
6974
6975
6986
6987
6998
6999
7010
7011
6966
6967
6978
6979
6990
6991
7002
7003
6976
6977
6988
6989
7000
7001
7012
7013
6920
6935
6928
6938
5271
5270
5269
5268
5272
5276
5275
5274
5273
5277
6936
4137
4943
4152
4955
8297
8298
6947
6948
6949
6950
6951
6952
6953
5459
5458
2195
2174
2173
6933
6927
2348
6898
6897
2275
2307
2304
5437
4183
4964
4188
4969
2246
2247
2349
2140
2330
2243
2241
2238
2239
2326
8321
8322
6885
6886
4135
4976
4171
4996
8299
8300
5344
5345
5359
5358
5363
5362
2339
2185
2252
8311
8312
8319
2991
2997
2199
2207
2316
4185
4966
2192
2217
4440
4187
4968
6923
4193
5001
1814
4160
4985
2176
1799
1798
1797
1796
6926
2292
8371
2260
2343
4123
4122
4125
6937
1822
2276
2976
2188
2979
2187
1827
5231
2149
5472
5439
5438
2145
5230
2184
2183
2203
2290
2226
2194
2235
2158
2971
2206
2190
2189
6925
2160
2269
8303
6939
8699
8698
2170
1802
2169
4131
4975
2159
2151
2168
2165
1803
2336
2208
2157
2313
5455
5454
2360
1825
2350
2340
2218
8296
4138
4977
4172
4997
2237
2338
8364
8365
6922
4181
5008
5343
5342
2363
2242
5357
5356
5361
5360
1800
1801
6924
2985
2196
2983
2987
2211
2992
2212
2999
2331
6934
6921
8307
8301
2191
2319
8370
8554
1818
1823
1813
2995
5474
2220
3001
2221
3004
2167
2970
4130
4974
2164
2215
2255
2172
2198
2171
2341
2986
6894
6893
2984
2197
2353
2182
2180
2291
2351
2365
2300
5421
5420
5751
5752
5743
5744
5753
5754
5745
5746
5755
5756
5381
5380
5387
5386
5373
5372
5389
5388
5413
5412
5369
5368
5417
5416
5425
5424
5393
5392
5427
5426
5333
5332
5341
5340
5349
5348
5365
5364
5385
5384
5409
5408
5391
5390
5415
5414
5747
5748
6866
6865
6870
6869
6868
6867
6872
6871
5405
5404
5401
5400
5411
5410
5397
5396
5375
5374
5399
5398
5431
5430
6860
6859
6854
6853
6856
6855
6858
6857
6864
6863
6862
6861
5337
5336
5383
5382
5433
5432
6338
6337
5407
5406
5339
5338
6336
6335
5423
5422
6340
6339
5353
5352
6878
6877
6880
6879
6876
6875
6874
6873
5351
5350
5379
5378
6332
6331
5403
5402
6330
6329
6334
6333
5377
5376
5367
5366
5371
5370
5395
5394
5429
5428
5335
5334
5419
5418
5355
5354
5347
5346
6848
6847
6852
6851
6850
6849
5749
5750
5741
2315
2266
6901
6890
6889
2228
1792
8703
8702
4180
2302
2141
8691
8690
2274
2303
8705
8704
5443
5442
5449
5448
2322
5156
5155
5154
5153
5157
1807
1806
1805
1804
1808
8309
8310
1820
1826
2265
2259
2318
5161
5160
5159
5158
5162
3035
3034
3033
3032
3036
8313
8314
4184
4965
2201
4196
5004
2289
8323
8324
2137
2251
1816
2139
2210
8294
1828
2337
2306
2321
4164
4989
4147
4950
2298
2278
2253
4192
5000
2328
8693
8692
2332
8302
5467
5466
2333
1793
2272
4186
4967
2334
2143
5471
5470
5457
5456
2245
2273
2325
2988
2258
2229
3007
2230
3008
8707
8706
2367
2153
8701
8700
8317
8295
2268
2223
1819
2257
2329
4162
4987
4146
4949
2264
2294
2142
2335
2279
5477
5475
2181
2352
1787
2271
8305
8306
2309
1666
1810
3022
4174
4958
4133
4940
4134
4941
4177
4960
5742
4179
4962
4144
4947
4143
4946
4178
4961
1795
6242
6252
6262
6272
6282
6292
6829
7968
8025
6237
6247
6257
6267
6277
6287
6824
7963
8020
6243
6253
6263
6273
6283
6293
6830
7969
8026
6238
6248
6258
6268
6278
6288
6825
7964
8021
6241
6251
6261
6271
6281
6291
6828
7967
8024
6236
6246
6256
6266
6276
6286
6823
7962
8019
6240
6250
6260
6270
6280
6290
6827
7966
8023
6235
6245
6255
6265
6275
6285
6822
7961
8018
6244
6254
6264
6274
6284
6294
6831
7970
8027
6239
6249
6259
6269
6279
6289
6826
7965
8022
1742
6542
5078
5068
5088
8352
4403
4406
6470
7785
8462
8765
8376
8553
6468
7783
8460
4029
9171
9162
65
8956
6362
4629
4630
4639
5577
5580
4631
4632
4633
4634
4635
4636
4637
4638
5908
6511
6469
7784
8461
1693
1698
1688
2942
8514
8082
5972
5976
5977
5978
5973
5974
5975
5283
1975
2948
1976
2951
1915
2917
4053
1912
1919
1946
6562
6565
6564
6568
6563
6566
6567
6555
6558
6557
6561
6556
6559
6560
5960
5959
1970
5195
5194
5193
5192
5196
6014
8075
4375
1763
8503
8965
5595
5593
5594
1757
2017
1758
1917
1953
2103
2933
6694
1707
2931
1952
2115
7917
9161
7838
9139
1937
1935
2053
4363
4371
8504
2113
8083
8061
9149
9151
9147
2127
9152
736
1830
1829
9148
9146
9150
9153
737
9155
9154
730
948
952
956
960
729
947
951
955
959
6653
6654
6652
8598
8597
8596
8595
8599
8594
6655
2062
6545
5081
5091
5522
5762
5758
5763
5759
5502
5505
5498
5506
5518
5496
5520
5524
5508
5525
5478
5482
5486
5494
5504
5516
5507
5519
5764
5760
6707
6709
6708
6710
5514
5512
5517
5510
5499
5511
5527
6704
6701
6702
6703
6706
6705
5480
5503
5528
6342
5515
5481
6344
5523
6346
5488
6713
6714
6712
6711
5487
5501
6341
5513
6343
6345
5500
5495
5497
5509
5526
5479
5521
5489
5485
6698
6700
6699
5761
5757
6622
6742
6743
6744
6745
6746
8233
7030
8264
7031
7032
8271
7033
8263
7034
8257
7035
7036
8270
6736
6737
6738
6739
6740
8236
7037
7038
8232
6747
6748
6749
6750
6751
6752
8235
7039
8266
7040
8259
6727
8526
7041
8267
7042
7043
8231
6731
6732
6733
6734
6735
8234
7044
8262
7045
7046
8268
6728
6729
6730
8522
7047
7048
7049
8269
6741
8524
7050
8230
8272
6768
6769
6770
6771
6772
8226
5023
5035
5047
5222
7016
8246
5019
5024
5044
8240
5051
5058
7017
7018
8253
5029
5034
5046
5221
7019
8245
5018
7020
8239
5050
5057
7021
7022
8252
5016
5042
8237
6762
6763
6764
6765
6766
8229
5022
5027
8243
5041
5061
7023
7024
8225
6773
6774
6775
6776
6777
6778
8228
5031
5037
5054
5224
7025
8248
5020
5025
7026
8241
6753
8525
5032
5038
5055
5225
7027
8249
5060
7028
7029
8224
5021
5026
8242
6757
6758
6759
6760
6761
8227
5028
5033
5045
7051
8244
5017
5043
8238
5039
5056
5226
7052
7053
8250
6754
6755
6756
8521
5049
5227
7054
7055
7056
8251
5030
5036
5048
5053
5223
8247
6767
8523
5040
5052
5059
7057
8223
8254
8276
8870
8869
8493
2077
1778
2028
1779
1345
1747
6692
1983
5074
6914
6912
1746
2011
8718
4369
1343
2064
3493
3492
3491
3494
8057
8077
1886
1873
4357
3451
3495
3490
1340
4361
8712
2036
1724
2065
8160
8159
8158
6485
7800
8477
6483
7798
8475
6516
6484
7799
8476
6431
7746
8423
6429
7744
8421
6498
6430
7745
8422
6492
6422
7737
8414
6420
7735
8412
6495
6421
7736
8413
1734
6411
7726
8403
6449
7764
8441
6447
7762
8439
6504
6448
7763
8440
6413
7728
8405
6458
7773
8450
6456
7771
8448
6507
6457
7772
8449
6467
7782
8459
6465
7780
8457
6510
6466
7781
8458
1735
6412
7727
8404
6476
7791
8468
6474
7789
8466
6513
6475
7790
8467
6440
7755
8432
6438
7753
8430
6501
6439
7754
8431
1708
8719
5534
9109
1785
5537
2084
1835
5789
7067
7068
7069
7070
5561
7071
7072
7073
7074
8339
1695
1701
7648
8386
7664
7658
7645
7668
7669
7647
7646
7653
7663
7662
7659
7649
7650
7652
7661
7670
7671
7655
7639
7640
7638
7654
7666
7665
7667
8387
7644
7641
7643
7642
7660
7656
7651
7657
5916
1401
5816
1402
3063
5809
1370
1095
4917
1411
3081
8891
4931
1050
4912
1392
8380
1372
3075
3077
3102
3096
3097
4933
1517
6398
3079
8945
1513
8397
8881
1399
1512
3059
1516
3049
1379
1053
3066
3061
4911
3062
4208
1416
1055
1056
3065
3101
3078
3944
1294
4934
1386
1378
1097
1415
5013
1096
5015
4935
5014
1391
4916
1380
8395
1052
1398
3060
3084
3088
1381
3086
3083
3430
3431
3429
8388
8389
1054
3100
3052
3099
1152
3050
3070
3053
8392
3043
1389
3044
3090
3085
1049
3087
4932
3094
8946
3047
1515
1059
4203
3042
1047
3055
3095
8396
8402
8401
8398
4207
8399
8381
8382
3941
5811
8383
8384
8385
1388
1048
3073
1408
8883
3942
1397
1383
1377
1410
1382
6352
3076
3072
1393
5810
1385
3048
1390
3432
3069
3071
1412
1414
1387
4201
1413
4200
1514
3098
3046
8882
4928
4929
4930
1151
4914
5814
5813
5812
3093
1405
1407
3091
3092
1404
1406
4909
4908
1058
3064
1394
3080
1409
4907
4906
8877
8884
3051
1384
4923
8890
4922
1669
3058
3056
8878
8616
4918
1403
3045
8879
1057
4919
1668
1670
3041
3057
1667
1671
4920
4924
8880
3039
3040
3054
1417
1400
1418
1395
3082
1396
3074
3089
8394
4206
8400
1371
8393
3067
4910
1051
3068
5815
1099
1150
1098
4913
8617
3449
2027
1765
1766
2021
8766
3031
2080
1756
5790
8341
1705
8787
4106
1956
6389
2051
8348
5556
6403
8287
8289
3459
3457
3460
3458
1741
1880
1754
1691
1883
1777
1664
1728
1731
8327
1703
1864
2099
2068
2083
8283
4087
4070
6363
1704
1875
8094
8095
2060
8871
2040
4373
4372
1866
6020
8615
8959
8098
4385
4378
2015
1753
4114
8713
2094
8333
5546
2095
2012
1748
2034
4108
2096
1888
5548
5541
2000
8285
2035
1682
2087
8092
2935
2020
4350
1984
2954
1985
2955
8277
8720
6916
8099
1661
6915
4044
5082
5093
1868
2129
1710
1901
8544
8280
8717
8343
8328
5555
2030
8753
8754
8755
8756
8757
8758
8759
8760
8761
8762
1500
1978
3438
3437
8293
8764
5062
5063
5064
5228
5229
6048
6049
6050
6061
6062
6063
6074
6075
6076
6087
6088
6089
6100
6101
6102
6103
6104
1694
2019
2091
4085
4069
5588
1674
6546
5072
5092
2026
1775
8767
6415
7730
8407
2056
1865
1887
8278
6018
7114
7115
7116
2097
2041
5964
5554
5552
8074
8070
7913
5570
5569
8593
8592
8292
8356
6479
7794
8471
6477
7792
8469
4035
9175
9166
6514
1936
6478
7793
8470
1738
2114
2006
7914
7610
5572
5571
2033
3467
2375
2071
1662
17
1685
1665
5921
6011
8097
2969
8354
6526
7809
6527
6525
6443
7758
8435
8512
8513
8511
6441
7756
8433
4031
6502
6442
7757
8434
8288
8868
4097
4056
4057
4100
4102
4067
4066
4101
1672
1673
8169
8168
8167
